0 0.35 0.3265625 0.0375 0.05 0.3390625 0.33125 1 0.33760720573218284 0.3205674221202671 1 0.33876294182026967 0.30984829782500894 1 0.34782078705721364 0.3040010086046889 1 0.3583259751475002 0.30642513210612243 1 0.36584263132161066 0.31415398917057297 1 0.366895779062936 0.32488367842038074 1 0.36267497910805824 0.3348043739254048 1 0.35546911968962186 0.3428237842281784 1 0.34898274628470866 0.3514355384986238 1 0.34594779730389397 0.3401132687101164 1 0.3349413218372087 0.34161268774884174 1 
0 0.45234375 0.08828125 0.0390625 0.0765625 0.459375 0.0640625 1 0.4539488218317217 0.07151514664723883 1 0.44771219363164894 0.07830409503830485 1 0.442392788195854 0.08583332324391366 1 0.4369669789897138 0.09328623851386433 1 0.43436123080338696 0.10212905638782026 1 0.43480215591412036 0.11133725581057523 1 0.43979921195306265 0.11908417665089435 1 0.4470829361117685 0.12473508046731034 1 0.45624947563524554 0.12375533319018543 1 0.4609604347817352 0.05636935386976831 1 0.46843087415202744 0.06180848669562751 1 
0 0.90234375 0.67890625 0.0578125 0.0453125 0.884375 0.6734375 1 0.8876740461000526 0.6825459549227477 1 0.8927307561564589 0.6908089652492231 1 0.9006228523275569 0.6964270142233905 1 0.9099664782988537 0.6989851991186843 1 0.9192875488618247 0.6963460136742498 1 0.9257976886875257 0.6891720513311773 1 0.9282189279146928 0.6797920056567242 1 0.9264409071386819 0.6702690702705066 1 0.920388869884268 0.6627046468740283 1 0.8767617752833459 0.6670905363016468 1 0.8856357117139317 0.6638764318655227 1 
0 0.83359375 0.75546875 0.0421875 0.0453125 0.8265625 0.7609375 1 0.8296928969658663 0.7504575419329992 1 0.8341427279289183 0.7404661501055176 1 0.8450211811885163 0.7393311783310917 1 0.8519664219021097 0.7477805888241524 1 0.8490855949967202 0.7583318798632237 1 0.8424653523467732 0.7670382736922337 1 0.8325133315720435 0.7715754742332445 1 0.821681000215467 0.7700623636519157 1 0.811331978429877 0.766523062261615 1 0.8293122071370371 0.7720565671261046 1 0.8184256603848571 0.7688047208206221 1 
0 0.86875 0.21015625 0.065625 0.0515625 0.8859375 0.21875 1 0.8916221484310816 0.20958920725168925 1 0.8961824124900106 0.19981990106980813 1 0.8898985082829796 0.19105931321970596 1 0.8800621096552682 0.18664562841001936 1 0.8692839385175933 0.1863879881773479 1 0.8598423103499127 0.19159289058812942 1 0.8514691285112892 0.19838444250649448 1 0.8427383925260148 0.20470975678468925 1 0.836709366332461 0.21364766452195877 1 0.8860164138777072 0.2300851567757256 1 0.877377476809406 0.2247243412436215 1 
0 0.984375 0.34453125 0.028125 0.0546875 0.9935405835568186 0.334375 1 0.9851071948966308 0.34251177191942317 1 0.9817948764533396 0.3537526637031178 1 0.9874522580403597 0.36401536973716875 1 0.9981001773377128 0.368909337064354 1 0.9984375 0.3710880985104392 0 0.9984375 0.37235074358595366 0 0.9984375 0.37101222297555003 0 0.9984375 0.3658922894572953 0 0.9984375 0.35461687985277657 0 0.997306208641648 0.32392950868792086 1 0.9984375 0.3320532332720644 0 
0 0.0375 0.00546875 0.01875 0.0109375 0.034375 0.0 0 0.03102079018394015 0.0 0 0.02997988662848865 0.0 0 0.03438364656971693 0.0 0 0.042303993743706726 0.0 0 0.05289251698257589 0.0 0 0.0618572538749423 0.0 0 0.06751698659682495 0.0 0 0.06633577289929896 0.0 0 0.059757454108580174 0.0 0 0.0436375915298199 0.0016964508408648048 1 0.033518228577070805 0.0050632040355253595 1 
0 0.97421875 0.9890625 0.0140625 0.01875 0.9672497705690857 0.9984375 0 0.9640794557581455 0.9984375 0 0.9614854490966825 0.9984375 0 0.9590402500325522 0.9984375 0 0.9592697713164962 0.9984375 0 0.9619966017925913 0.9984375 0 0.9666074761099555 0.9984375 0 0.9717038497351617 0.9946690577335993 1 0.9769429301744246 0.9878569673632773 1 0.9791019126190935 0.9795388345279523 1 0.9739792724812654 0.9984375 0 0.9657237186764753 0.9984375 0 
0 0.90390625 0.721875 0.0484375 0.071875 0.9097284543649294 0.7482233878939338 1 0.8987975230970002 0.7486023969516183 1 0.8895098936315519 0.7428258196637658 1 0.8849672733855274 0.7328762715559165 1 0.8873137353162777 0.7221934337935269 1 0.8926929362319885 0.7126701410983286 1 0.9001976754162234 0.7047135214626661 1 0.908851050932879 0.6980241269894909 0 0.9184408678908813 0.6927644390746035 0 0.9269917508128949 0.6859445191700873 0 0.9199455324028933 0.7426199486107018 1 0.9203213917609082 0.7534600399635784 1 
0 0.97734375 0.9875 0.0421875 0.021875 0.9629110426758494 0.9911872273367177 1 0.9626532668158753 0.9984375 0 0.9639259064347186 0.9984375 0 0.9681415839669304 0.9984375 0 0.9767068285673982 0.9984375 0 0.9857668975414524 0.9984375 0 0.992351388558758 0.9984375 0 0.9945346603059972 0.9984375 0 0.9959580774637085 0.9960193740171096 1 0.9915584023482527 0.9880965105746136 1 0.9589562751394407 0.9835266333493801 1 0.967615311877568 0.98377303270427 1 
0 0.44140625 0.0484375 0.0765625 0.0375 0.4190808250599867 0.05833650348542574 1 0.42837833191418573 0.060434381665545225 1 0.43754366922843485 0.0630499730859573 1 0.44698367366652236 0.06436566407224072 1 0.4564978457916638 0.06493597568503037 0 0.4656007970628422 0.06211090847927192 0 0.4730650552208229 0.05618388758226831 1 0.47683330133137003 0.04742917183514974 1 0.476421160573398 0.03790683669306834 1 0.4719500404859641 0.029489366067860012 1 0.40919742010706184 0.06221041208003138 1 0.41138819496458623 0.052501199959487786 1 
