0 0.62109375 0.28125 0.0890625 0.075 0.59375 0.303125 1 0.602277683237867 0.29678707892171247 1 0.6100597727946707 0.28955315141793647 1 0.617669149200031 0.282137760954748 1 0.6252979389761987 0.27474234402593056 1 0.63249210753151 0.2669234845312363 1 0.6400534767986541 0.2594591480030585 1 0.6467565660501473 0.2512154098044913 1 0.6555017683387556 0.2451811690128657 1 0.6661038361259586 0.2444834701985092 1 0.5897380719421993 0.3155745097430199 1 0.5825933476023067 0.3059612713893254 1 
0 0.80625 0.06953125 0.06875 0.0484375 0.7859375 0.0765625 1 0.7919348211547845 0.06779193764822496 1 0.7987701882879863 0.059657542701190155 1 0.807130238263218 0.05310008973440279 1 0.8165975235625499 0.04827710994374936 1 0.8271902117904555 0.04910510819639986 1 0.8352520369049886 0.05602591745707756 1 0.8393183241745653 0.06584202324508119 1 0.839180057473294 0.07646612355142804 1 0.8329540209702697 0.08507583286493045 1 0.7858183716257452 0.08805398596846166 1 0.7776203715100968 0.08244818356394945 1 
0 0.60234375 0.3453125 0.0609375 0.059375 0.5890625 0.359375 1 0.5982289471613675 0.36505052623114 1 0.6066532724802495 0.37177853444190667 1 0.6170521025918321 0.3689325400861596 1 0.6254185072531406 0.3621326412188429 1 0.6305076332614366 0.3526281081932711 1 0.6289274451635162 0.34196328952919197 1 0.6245953717553678 0.33209067632148886 1 0.6182271454885389 0.32339119094722857 1 0.6099183889317379 0.31652097144256086 1 0.5793527702321292 0.359235677828557 1 0.5844756364283731 0.3509618226140437 1 
0 0.35625 0.9296875 0.0375 0.04375 0.35625 0.9390625 1 0.3491195134692909 0.9345516721286027 1 0.3427405038942634 0.929029023933062 1 0.3429361566489048 0.9205937926825507 1 0.3477905393723119 0.9136926062175517 1 0.35564970509966726 0.9106226029081131 1 0.36407737580534155 0.9110297548781674 1 0.37046032841782905 0.9165478453265686 1 0.3744334931710551 0.9239913235520841 1 0.37254524072943185 0.9322148209204004 1 0.3677629915798347 0.9400643559115481 1 0.3623173195348368 0.9486725964107554 1 
0 0.8046875 0.2109375 0.059375 0.1 0.821875 0.1796875 1 0.8177819572353041 0.19016650285935496 1 0.8135212037450055 0.20057844214533374 1 0.8098741957020866 0.21122089638929858 1 0.8080133784052036 0.22231593397317456 1 0.8062304462179564 0.23342375341785754 1 0.8013242241037254 0.24354756122746318 1 0.7957109309544018 0.25329709660202104 1 0.7860010696613347 0.25897874193320786 1 0.7748522156353299 0.2604839176395084 1 0.8209733782995136 0.16948795774053457 1 0.8312308259990047 0.1734944622385431 1 
0 0.48984375 0.0890625 0.0390625 0.04375 0.490625 0.075 1 0.4830420433363883 0.0768798735297318 1 0.47600482400320676 0.08027291056264137 1 0.47438197456336806 0.08791499901708985 1 0.47439090820059837 0.09572749390925624 1 0.48074781440526004 0.10026895840379257 1 0.4875709532532596 0.10407420905400203 1 0.4949544829110023 0.106627372982001 1 0.5024050406138997 0.10897776575041127 1 0.5101562216749915 0.10995467332442817 1 0.4963311348939712 0.06983945818950292 1 0.4982557246903808 0.07760278949375601 1 
0 0.42890625 0.38671875 0.0984375 0.0828125 0.4609375 0.3609375 1 0.4516364910728714 0.36780646201674416 1 0.4431770901997686 0.3756887169680983 1 0.4336226081114057 0.3822004969300713 1 0.4257106229373851 0.390632098015042 1 0.4170236859285998 0.39826286020864987 1 0.408339696147151 0.4058969762495345 1 0.3987030805006547 0.41228658070769175 1 0.38915206401923663 0.4188034427149526 1 0.38089526654514344 0.42689768151312313 0 0.46493756860122365 0.35150177845105723 1 0.47177620875847276 0.3607617296630371 1 
0 0.225 0.184375 0.109375 0.0375 0.1890625 0.178125 1 0.19924731253396408 0.18115158531153647 1 0.20942068401527006 0.18421640793337773 1 0.21866429415083824 0.18945532925953082 1 0.22875764480044464 0.19277419919733937 1 0.23871651999630342 0.1964770939883521 1 0.24871753253070886 0.2000646242372372 1 0.2592933330506658 0.2010859314202526 1 0.26957333827136226 0.19840039280342853 1 0.2796788711312615 0.19511880315548388 1 0.17866679872863406 0.18177731686099138 1 0.18168029325869622 0.1716365563333364 1 
0 0.4453125 0.11640625 0.046875 0.0484375 0.453125 0.1140625 1 0.4480973124742225 0.12395156705436065 1 0.44193965881366803 0.1331794915479378 1 0.43103641952539656 0.13113238088038878 1 0.4257165196159384 0.12139739479843434 1 0.42709937814053517 0.11039017029070988 1 0.43288880880697267 0.10092688430639066 1 0.44375600584772956 0.09869634232295585 1 0.45407264545831943 0.09461734291039067 1 0.464971051427694 0.09254465470682477 0 0.454874324459721 0.10062915674468427 1 0.4653059176212283 0.10593266925236508 1 
0 0.2453125 0.665625 0.125 0.025 0.2015625 0.665625 1 0.21325677666451112 0.6684525200894724 1 0.22505618262524463 0.6708030509946737 1 0.23642234139439117 0.6747478464769585 1 0.24839923655925675 0.6736054985560872 1 0.26040735056613473 0.6743512696740046 1 0.272438579824411 0.6743736101596034 1 0.28440462401473043 0.6731227052879915 1 0.29633643521961595 0.6715790544422794 1 0.3079948529129455 0.6686071403367977 1 0.1931601156171114 0.6709259254733516 1 0.1960157336529948 0.6591154391450234 1 
0 0.84765625 0.4515625 0.0578125 0.04375 0.8546875 0.4609375 1 0.8623470012469869 0.45580745202654943 1 0.8685538866230276 0.44899130021697287 1 0.8673004138797531 0.43985816506827574 1 0.8600610081483377 0.43415059498824593 1 0.8510940299350096 0.4320108161949593 1 0.8419357235676939 0.4330647498004986 1 0.8335654104037339 0.4369278067635444 1 0.8259430800217563 0.4421129230699045 1 0.8211100698123012 0.44996323286492546 1 0.8516190888511854 0.471338867584653 1 0.8458097739240442 0.4626651758065526 1 
0 0.3109375 0.02578125 0.03125 0.0515625 0.315625 0.03912560606439071 1 0.3112165716883556 0.03230055040006885 1 0.3058754205553301 0.02617782800115338 1 0.30151940073843253 0.0193192044982342 1 0.2985144906114169 0.011770288011177354 1 0.2979248830030492 0.003666709303707738 1 0.3003668127328037 0.0 0 0.30666570436061624 0.0 0 0.3147889508129405 0.0 0 0.3226001812797473 0.0 0 0.3238073181526818 0.04465968982195443 1 0.3167409713405692 0.049223972500154554 1 
0 0.11953125 0.015625 0.0359375 0.03125 0.1171875 0.0034618883069242436 1 0.11193056344156457 0.009860616272941014 1 0.10762894480259202 0.01693699802121773 1 0.11113203354174303 0.024440828432956342 1 0.11907980026898016 0.02676722169548156 1 0.12709417907739268 0.024681835909165662 1 0.13221523125344964 0.018173846498249092 1 0.13453038647580196 0.010222798903188756 1 0.13292362833854313 0.0020989186818381133 1 0.1294200647448085 0.0 0 0.11993519045899255 0.0 0 0.12627896418953075 0.0005568603271836503 1 
0 0.9828125 0.37890625 0.03125 0.0515625 0.9772280249669502 0.3734375 1 0.9803677978039916 0.3657745418183135 1 0.9867189239543315 0.36046019348714725 1 0.9949817310446102 0.36101257066927983 1 0.9984375 0.3663209704583871 0 0.9984375 0.37367868724995795 0 0.9984375 0.38193417120048706 0 0.9984375 0.3901066437245127 0 0.9984375 0.3981110091765323 0 0.9984375 0.4056129444165647 0 0.9784235073444132 0.3819382423357371 1 0.9716814660869997 0.3791758002729799 1 
0 0.96953125 0.0140625 0.0515625 0.028125 0.9584411252345904 0.015625 1 0.9665935838164318 0.011666929090912981 1 0.9747813700966559 0.007782464896281338 1 0.9832052387970871 0.004440707519107734 1 0.9897734346048631 0.0 0 0.9972628303146 0.0 0 0.9984375 0.0 0 0.9984375 0.0 0 0.9984375 0.0 0 0.9984375 0.0 0 0.9537677513198968 0.024165722895948517 1 0.949782159347848 0.01595657904214587 1 
0 0.00390625 0.57734375 0.0078125 0.0234375 0.0 0.58125 0 0.0 0.5728555883373369 0 0.0 0.5651675147295101 0 0.0005477898590567243 0.5690742537912021 1 0.004176693339344428 0.5793921976648988 1 0.0 0.5875540819336623 0 0.0 0.5941561557384323 0 0.0 0.5939490321214543 0 0.0 0.5867722563944752 0 0.0 0.5791669390633307 0 0.0 0.5935878387285765 0 0.0 0.5865014068458313 0 
0 0.39296875 0.43671875 0.0359375 0.0328125 0.39724163698611326 0.44384057941659016 1 0.388976587971082 0.44214341382975714 1 0.38097613741349506 0.4394630785660995 1 0.3795715940906742 0.43114330307007087 1 0.3855221112088048 0.425161434442557 1 0.39373140853346256 0.4232123721846065 1 0.4000599231967941 0.42879281198860014 1 0.4026016231170069 0.4368383801951093 1 0.39926161627949036 0.4445866548788916 1 0.3932698098445023 0.45052716511755264 1 0.4077134030934454 0.44313237722785404 1 0.4061080817364099 0.45095015282011897 1 
0 0.37734375 0.88984375 0.0546875 0.0390625 0.3667895450653136 0.8836658997402113 1 0.3756701743794998 0.8794192731912295 1 0.38532381218849027 0.8774939962980712 1 0.39463442051017456 0.8806896162289582 1 0.40024122740118767 0.8887805451341821 1 0.3999010348904025 0.8986184149807549 1 0.39355062355611087 0.9061398304025887 1 0.3837552821147258 0.9071148689193587 1 0.3741004912992099 0.9051953824330481 1 0.36638118199068254 0.8990870538677379 1 0.3603903466887828 0.8941141967035721 1 0.3558963012589327 0.8847161601389534 1 
0 0.84140625 0.165625 0.0390625 0.053125 0.8321858855218156 0.16789551052603408 0 0.8329647973922901 0.15698578080674067 1 0.8361543560023765 0.14652367671039257 1 0.8467164563277401 0.14368273620292737 1 0.8558501393023951 0.14969977381029664 1 0.8566164861104403 0.16061039335364977 1 0.8544062256590363 0.1713222398325235 1 0.8485021600501641 0.18052935205819626 1 0.8391906059422156 0.18626728429418063 1 0.8295601865473523 0.19145225570480956 1 0.8371308616336413 0.1795572435020926 1 0.826041888937727 0.1787655343867934 0 
0 0.79140625 0.0625 0.0484375 0.0375 0.7740184248963133 0.06892224373935263 1 0.7719864501265434 0.061216917328517174 1 0.772574814060418 0.05326991761517781 1 0.7783441601919332 0.04777304379660874 1 0.7860327897895136 0.04567877746356715 1 0.7939151954084691 0.04684867413454201 1 0.8011822422915793 0.050118384543917406 0 0.807104163846849 0.05545053435949214 0 0.8114282602239784 0.06214405115440613 1 0.8144476101600086 0.0695186360597615 1 0.7799036408186131 0.07514989914671641 0 0.7720401836185348 0.07722357465139787 0 
0 0.48046875 0.11171875 0.0859375 0.0734375 0.5079542724765085 0.13206558007266622 1 0.500628497148356 0.12480743484875179 1 0.4932227287904046 0.11763092794926615 1 0.48545606828275856 0.11084663426392408 1 0.47780086605327793 0.1039368198615139 1 0.4705385145019833 0.09661521442312755 1 0.4634096333634493 0.08916358977056665 1 0.45527452149748077 0.08282579747528132 1 0.4467565275727504 0.07701275732848574 1 0.43648307535491637 0.07611618843660892 1 0.519566676282504 0.13668181807299168 1 0.5119308024432708 0.1443888416244123 1 
0 0.59375 0.35078125 0.065625 0.0328125 0.6167600293974488 0.35360850946957234 1 0.6132888443940081 0.3462623200034689 1 0.608354436079092 0.3398073033821358 1 0.600288395164415 0.33883026246039505 1 0.5923388708200069 0.3405097527692875 1 0.5852185781449742 0.34442345398704505 1 0.578952116534267 0.34959521228394286 0 0.5732997719814762 0.3554318745198904 0 0.5670964913947932 0.3606792486215609 1 0.5603148965216963 0.3651542453787872 1 0.6243347513874017 0.3597081371994756 0 0.6172185556962845 0.36307064668531613 0 
0 0.28046875 0.1515625 0.0421875 0.075 0.2878206203475999 0.17829446159999912 1 0.2794890619788388 0.1747287861523557 1 0.271616348507824 0.1702399902276893 1 0.26510335333962287 0.1639384189800568 1 0.26222384625571826 0.15534555303185632 1 0.2618320950193488 0.1462915242480053 1 0.2648462503776275 0.1377449592230283 1 0.2693168096052517 0.12986187566122936 1 0.27404323670607156 0.12212948967043484 1 0.2758082683088738 0.11324053193113215 1 0.2979098732527425 0.17865790355869207 1 0.29453721191193527 0.18653846510491212 1 
