0 0.6049382716049383 0.8688524590163934 0.07716049382716049 0.0778688524590164 0.6260945762075529 0.892253141230784 1 0.6174547700074261 0.888551766850404 1 0.6092049914862995 0.8832407227679409 1 0.6027716236892356 0.8741306666004458 1 0.6004208018598194 0.8622115119222938 1 0.5979129952289084 0.8504466993693152 1 0.592360522430973 0.8404323937916017 1 0.584177349286847 0.8344804405148096 1 0.5749210962653173 0.8336776583870199 1 0.5692728721612791 0.8432306534214881 1 0.6317198633390101 0.8875279523426544 1 0.6290451831354208 0.8976337983741848 1 
0 0.1574074074074074 0.8831967213114754 0.046296296296296294 0.07172131147540983 0.16944755081843074 0.8946049634608947 1 0.1707609112365694 0.881256198673316 1 0.17057351660954073 0.8682624234208636 1 0.1658922090076384 0.8577249084999226 1 0.15691091225427842 0.8535236381609616 1 0.14737717508968262 0.8575079315899287 1 0.14157498330315257 0.8685688666712373 1 0.13859900820788104 0.8814247879231099 1 0.141235353466889 0.8938969203480392 1 0.14512358922828156 0.9046275316790849 1 0.17168952835294965 0.9012031430116274 1 0.16298520031155647 0.899898692694319 1 
0 0.2854938271604938 0.028688524590163935 0.05864197530864197 0.055327868852459015 0.2724663168441404 0.03880098651641059 1 0.2797121772647167 0.03336201411916167 1 0.2868505893698126 0.027721604171768714 1 0.294166187181723 0.022263733276485627 1 0.3013841965472438 0.01752535573963505 1 0.3062897583117295 0.010211205711449739 1 0.30930121523128273 0.0035800109320310875 1 0.3083675194103711 0.0 0 0.30491767940475545 0.0 0 0.3009825965794388 0.0 0 0.2712553043362185 0.04500332186837677 1 0.267517233434765 0.03645616956287989 1 
0 0.5509259259259259 0.028688524590163935 0.035493827160493825 0.05737704918032787 0.5314353326980324 0.0 0 0.5352370494215127 0.0 0 0.5383792329783998 0.0 0 0.5433008514095337 0.0030858567154078147 1 0.5481232435279603 0.012093965400660383 1 0.5516387976969824 0.021743298433509108 1 0.5538190075892643 0.032562051856622996 1 0.5562726422191661 0.04184177197363273 1 0.5605792065579066 0.05066548352474749 1 0.5670765858969946 0.0541455187865074 1 0.5259504007261602 0.0 0 0.5322309760974694 0.0 0 
0 0.816358024691358 0.639344262295082 0.06018518518518518 0.05122950819672131 0.8358477057380704 0.6444395602726521 1 0.8335683956751203 0.6361803636980381 1 0.8305463743810508 0.628863545540133 1 0.8253871972012315 0.6231424149884616 1 0.8183378531167957 0.6203991962275412 1 0.8106902883374772 0.6224063511342309 1 0.8030220119461795 0.6252905521737968 1 0.7961796232962511 0.6300901105503802 1 0.7908512615259238 0.6367364040086129 1 0.7873427049831473 0.6445014864063991 1 0.8391711871693904 0.6467971733077673 1 0.8327417220730358 0.6493058570271975 1 
0 0.7561728395061729 0.9610655737704918 0.044753086419753084 0.07377049180327869 0.7493507424177857 0.947458987058136 1 0.7528494239837873 0.9568731140560393 1 0.7565811913290937 0.9665849742499112 1 0.7605936413742609 0.9775144052677536 1 0.7662682786889047 0.9864095182149405 1 0.7718688175203694 0.9957912658822424 1 0.7735933424448549 0.9979508196721312 0 0.7729771883508381 0.9979508196721312 0 0.7674916228378103 0.9979508196721312 0 0.7600954132670462 0.9979508196721312 0 0.7446519687834889 0.9463000628961439 1 0.7501244298489799 0.9404239787437229 1 
1 0.2916666666666667 0.44672131147540983 0.040123456790123455 0.030737704918032786 0.28054004073295963 0.44578462838545413 1 0.2820987713545976 0.4471672733484028 1 0.28456380423779 0.44814610261676147 1 0.2891276081374702 0.4469725860381953 1 0.29546557812252716 0.444231910310596 1 0.30170808825469914 0.44124086246141103 1 0.306893691025124 0.43973134645239514 1 0.30967581740200867 0.43908803899719273 1 0.3094109560917105 0.43797599185340536 1 0.3034321565832522 0.43674434965997666 1 0.28365835950962875 0.44620420953269385 1 0.2777482868811177 0.445866341180057 1 
1 0.24691358024691357 0.47540983606557374 0.046296296296296294 0.036885245901639344 0.24136299991137528 0.47732816253802 1 0.24993255484517446 0.47562561812350457 1 0.2578826929441504 0.47158216608301295 1 0.2637673249825317 0.4668831997768685 1 0.26537490947796244 0.46437981182188853 1 0.26185599164584716 0.4645269576929038 1 0.25422238371047073 0.4663242976758105 1 0.2456746445713069 0.46801402190905383 1 0.23818622300767978 0.47157281169800996 1 0.23224247192115186 0.4771482231817816 1 0.23728398179179488 0.47683757515183095 1 0.23729317749862036 0.47764089522542363 1 
1 0.6712962962962963 0.11475409836065574 0.029320987654320986 0.030737704918032786 0.6767659737583523 0.10954117223789225 1 0.6744801874855831 0.10934496900616648 1 0.6718126041279707 0.11162991592707294 1 0.6693454743598279 0.11403440247279889 1 0.6683206327418191 0.11452496269383697 1 0.6661201176526084 0.11775717477272996 1 0.6636183403155531 0.12023801702772642 1 0.6615319554752687 0.1235567771006285 1 0.6590571742421151 0.12630656058688994 1 0.6596224412637663 0.12943230126828015 1 0.6749760310717974 0.11347531083147581 1 0.6797926139283262 0.11300288212012165 1 
1 0.8379629629629629 0.09836065573770492 0.04938271604938271 0.055327868852459015 0.826801691250633 0.105250531534164 1 0.8300395082727708 0.10472337070876701 1 0.833083536132964 0.10728001364038547 1 0.8361924823665959 0.10766567893734473 1 0.839049382718628 0.10561818425378885 1 0.8441504202323244 0.10182842048912867 1 0.8492565553277153 0.09538725100157476 1 0.8543121019973038 0.0872172754367423 1 0.8580493107807377 0.07851099395548712 1 0.8591147579789236 0.06905113177511696 1 0.821997400525989 0.10982489240288938 1 0.8284388214591983 0.11022407255292124 1 
1 0.8225308641975309 0.006147540983606557 0.05246913580246913 0.012295081967213115 0.8566297407109024 0.0 0 0.849545683761784 0.0 0 0.8426893935798657 0.0 0 0.8364356667380977 0.0 0 0.829688136089189 0.0 0 0.822584640586805 0.0 0 0.8150324480044174 0.0 0 0.8081761769412864 0.00036223159116817607 1 0.8015621108634754 0.0038796339242779545 1 0.7981221847867092 0.010294032897337688 1 0.8590356165904222 0.0 0 0.8611064986102797 0.0 0 
1 0.4182098765432099 0.03483606557377049 0.032407407407407406 0.0471311475409836 0.41405692001015454 0.04361022046361017 1 0.4189001622110377 0.0382009125398594 1 0.42315218995745374 0.032174389607393813 1 0.42638822870565085 0.026361785493740332 1 0.42777106181192814 0.021437377792564632 1 0.4262349879415971 0.01802369709535975 1 0.424182072896908 0.016395077911148016 1 0.42100157199361615 0.017026366861449642 1 0.4167487320208875 0.019399834790827214 1 0.4118899880986069 0.023242382443645914 1 0.41280226299137907 0.046544478861038185 1 0.41104024091523955 0.045844547662240914 1 
1 0.22067901234567902 0.24795081967213115 0.05864197530864197 0.0430327868852459 0.23932479894005718 0.2436106790127669 1 0.23469539564168346 0.24962614206777062 1 0.2299027831900784 0.25519266178389105 1 0.22405294670215578 0.25677264635374725 1 0.2193126045903953 0.25604440362179176 1 0.2144034196881146 0.2563316024904159 1 0.20777426979640534 0.2559586421138523 1 0.20123604123092986 0.2527454240768173 1 0.1962379661767454 0.2476336226844258 1 0.19516815539505947 0.24125117974531995 1 0.2392602310668557 0.239975562865738 1 0.2434494089174231 0.24293376611764186 1 
1 0.4182098765432099 0.006147540983606557 0.032407407407407406 0.006147540983606557 0.41405692001015454 0.0020491803278688526 0 0.4189001622110377 0.0020491803278688526 0 0.42315218995745374 0.0020491803278688526 0 0.42638822870565085 0.0020491803278688526 0 0.42777106181192814 0.0020491803278688526 0 0.4262349879415971 0.0020491803278688526 0 0.424182072896908 0.0020491803278688526 1 0.42100157199361615 0.0020491803278688526 1 0.4167487320208875 0.0020491803278688526 0 0.4118899880986069 0.0020491803278688526 0 0.41280226299137907 0.0020491803278688526 0 0.41104024091523955 0.0020491803278688526 0 
2 0.5740740740740741 0.45491803278688525 0.05246913580246913 0.028688524590163935 0.587344700727431 0.4556365506315086 1 0.5811850713433966 0.45703442881639866 1 0.5753399620196552 0.45802970742913374 1 0.5709063373494265 0.45691827311656125 1 0.5694747112057049 0.4542412938861521 1 0.567917699515832 0.4513103380056571 1 0.5640683380129992 0.4498460707403133 1 0.5582060993470607 0.4492741084373459 1 0.5514955728167472 0.4482997262966785 1 0.5473101269176605 0.4472474526474889 1 0.5914621480163014 0.455979198287182 1 0.589340770314754 0.45570834929072473 1 
2 0.25617283950617287 0.48565573770491804 0.032407407407407406 0.030737704918032786 0.26339559369570537 0.4862145241888287 1 0.26341892614955226 0.4848296775947369 1 0.26220505579192044 0.4814728846302239 1 0.25785702698812846 0.4775597595954195 1 0.2509628995005997 0.47549888536557233 1 0.2443972164612846 0.4756594996947436 1 0.2411106258389278 0.4771701430912176 1 0.23995875432162397 0.4785661782143034 1 0.24292098327389533 0.4814743978898227 1 0.24679992000122344 0.4860349122084743 1 0.26531926429840114 0.4857860410847288 1 0.2591617967422911 0.48645803597377985 1 
2 0.6620370370370371 0.38934426229508196 0.041666666666666664 0.0430327868852459 0.6728011397636512 0.3830192830420317 1 0.6691169650482056 0.38919601182279756 1 0.6648236444193079 0.39477556923118606 1 0.6602893131462922 0.39951722795059685 1 0.6548798349439333 0.4027830017576074 1 0.6498198693783721 0.3997283153155917 1 0.6458208049577597 0.39529642756494515 1 0.6438445525357506 0.3894997618460442 1 0.6432620619405206 0.38236534888857093 1 0.6433065199755651 0.3754261540625134 1 0.6758404539807257 0.3817349918892623 1 0.6723204304616999 0.3791074874503737 1 
2 0.2006172839506173 0.8155737704918032 0.037037037037037035 0.022540983606557378 0.19257284952280504 0.8139387209563039 1 0.1965551121423503 0.8129881209352157 1 0.20094268054700418 0.8130359420416368 1 0.20599296677844076 0.8130678016281802 1 0.21104833386052332 0.812507926597694 1 0.21441650102033116 0.8118672846156593 1 0.2145921928614187 0.8098940782903508 1 0.21121591178530905 0.807962939405715 1 0.20686732978904282 0.8068618144737036 1 0.2015674835264734 0.8069216400434853 1 0.18977418890881223 0.8161884465665714 1 0.19291594300261922 0.8165403905089712 1 
2 0.7561728395061729 0.6495901639344263 0.032407407407407406 0.036885245901639344 0.7618154400584024 0.6564497270485541 1 0.7567299550799822 0.6584909954881955 1 0.7515705222686121 0.6586723864758784 1 0.747736300012935 0.6567712832057014 1 0.7451424140827293 0.6531472568880793 1 0.7435990377546234 0.6485982703423111 1 0.742573972337031 0.6435542989611475 1 0.7451309532856771 0.6396096728541238 1 0.7489888367416435 0.6369279259681625 1 0.7541336390768929 0.634605268889367 1 0.7636971512356394 0.6559307434238684 1 0.7646477963838665 0.6533914058066075 1 
2 0.2700617283950617 0.06762295081967214 0.05555555555555555 0.07377049180327869 0.2589762909932476 0.08219755271660491 1 0.26580123041069287 0.07973542057702467 1 0.2727795037354801 0.08062443962015352 1 0.2798006364344284 0.07914270653342009 1 0.2866146955421817 0.07508084196634549 1 0.29083148600070374 0.0690781667527692 1 0.29300441514525855 0.060481114380318765 1 0.29110075415586373 0.0507049587615267 1 0.286715415091236 0.04108656045431656 1 0.28200745546453476 0.03131601646978719 1 0.25860174594966595 0.08815843086141449 1 0.25426923400413765 0.08805456004135506 1 
2 0.7885802469135802 0.014344262295081968 0.020061728395061727 0.02663934426229508 0.7888149633255365 0.010751252383428953 1 0.7877953710104078 0.003973892258934796 1 0.7860606728863553 0.0 0 0.7822476149561959 0.0 0 0.7764227924551897 0.0 0 0.7695946823531119 0.0 0 0.7625844474934749 0.0 0 0.756070150077039 0.0 0 0.7507160805210259 0.0 0 0.7468599679468375 0.0 0 0.7913822484596748 0.013836874667166306 1 0.7855272791167659 0.01430898688352962 1 
2 0.6898148148148148 0.2581967213114754 0.029320987654320986 0.040983606557377046 0.6857129950921165 0.25438120733433955 1 0.6875585708701243 0.2604933429063857 1 0.6895669543949895 0.2661424247394378 1 0.6919278625549374 0.2678715070546659 1 0.695765098801098 0.26713051312476344 1 0.6994396827006348 0.267409530866869 1 0.7000977169000756 0.2673602205542494 1 0.6992243275154996 0.2646222518669562 1 0.6950343600492613 0.26021181870797727 1 0.6898854166852596 0.2544483268563073 1 0.682379020937038 0.2510658980568955 1 0.6867030817673693 0.2533455398707795 1 
2 0.2700617283950617 0.02663934426229508 0.05555555555555555 0.004098360655737705 0.2589762909932476 0.02459016393442623 0 0.26580123041069287 0.02459016393442623 0 0.2727795037354801 0.02459016393442623 0 0.2798006364344284 0.02459016393442623 0 0.2866146955421817 0.02459016393442623 0 0.29083148600070374 0.02459016393442623 0 0.29300441514525855 0.02459016393442623 0 0.29110075415586373 0.02459016393442623 0 0.286715415091236 0.02459016393442623 0 0.28200745546453476 0.02811021303840953 1 0.25860174594966595 0.02459016393442623 0 0.25426923400413765 0.02459016393442623 0 
